image: show_gridmap_layer_ori.png
resolution: 0.100000
origin: [-100.000000, -60.000000, 0]
negate: 0
occupied_thresh: 0.65
free_thresh: 0.196
